--- 1D Density Estimation Analysis ---
Feature | Class | Mean | Variance | Normal Test p-value
------------------------------------------------------------
      1 |     0 |  0.0029 |   0.5696 | 1.2785e-01
      2 |     0 |  0.0187 |   1.4209 | 5.2294e-01
      3 |     0 | -0.6809 |   0.5500 | 8.7131e-01
      4 |     0 |  0.6708 |   0.5360 | 9.3231e-01
      5 |     0 |  0.0280 |   0.6801 | 7.3866e-38
      6 |     0 | -0.0058 |   0.7050 | 1.0349e-47
      1 |     1 |  0.0005 |   1.4302 | 7.6115e-02
      2 |     1 | -0.0085 |   0.5783 | 7.7064e-01
      3 |     1 |  0.6652 |   0.5489 | 1.2708e-01
      4 |     1 | -0.6642 |   0.5533 | 8.3733e-01
      5 |     1 | -0.0417 |   1.3178 | 0.0000e+00
      6 |     1 |  0.0239 |   1.2870 | 0.0000e+00
